len:  34603
element 0:  {'creation_time': 1550949330.751368, 'version': 0.5, 'dataset_type': 'train', 'has_answer': True}
question: what kind of plane is this?
image_id: 05a4fa87bfdaa243
image_classes: ['Vehicle', 'Rocket', 'Airplane', 'Aircraft']
flickr_original_url: https://farm4.staticflickr.com/59/200317024_00b0454199_o.jpg
flickr_300k_url: https://c1.staticflickr.com/1/59/200317024_00b0454199_z.jpg?zz=1
image_width: 1024
image_height: 682
answers: ['biman', 'biman', 'bitman', 'biman', 'biman', 'dc 10-30', 'biman', 'biman', 'biman', 'biman']
question_tokens: ['what', 'kind', 'of', 'plane', 'is', 'this']
question_id: 29
set_name: train
image_name: 05a4fa87bfdaa243
image_path: train/05a4fa87bfdaa243.jpg
feature_path: 05a4fa87bfdaa243.npy
valid_answers: ['biman', 'biman', 'bitman', 'biman', 'biman', 'dc 10-30', 'biman', 'biman', 'biman', 'biman']
ocr_tokens: ['Biman', 'LSG', 'SkyChefs', '10-30', '2', 'PI']
ocr_info: [{'word': 'Biman', 'bounding_box': {'topLeftX': 0.49574437737464905, 'topLeftY': 0.48684215545654297, 'width': 0.14615733921527863, 'height': 0.054106004536151886, 'rotation': 0, 'roll': 0, 'pitch': 0, 'yaw': 0}}, {'word': 'LSG', 'bounding_box': {'topLeftX': 0.7301352620124817, 'topLeftY': 0.6820719242095947, 'width': 0.05021514743566513, 'height': 0.05189694091677666, 'rotation': 0, 'roll': 0, 'pitch': 0, 'yaw': 0.7450203895568848}}, {'word': 'SkyChefs', 'bounding_box': {'topLeftX': 0.7484762072563171, 'topLeftY': 0.730752170085907, 'width': 0.06106216460466385, 'height': 0.04108879715204239, 'rotation': 0, 'roll': 0, 'pitch': 0, 'yaw': 0.3725101947784424}}, {'word': '10-30', 'bounding_box': {'topLeftX': 0.6132373809814453, 'topLeftY': 0.804295539855957, 'width': 0.038973160088062286, 'height': 0.02592184767127037, 'rotation': 0, 'roll': 0, 'pitch': 0, 'yaw': 0}}, {'word': '2', 'bounding_box': {'topLeftX': 0.0770191177725792, 'topLeftY': 0.9455713033676147, 'width': 0.06805343925952911, 'height': 0.02933323197066784, 'rotation': 0, 'roll': 0, 'pitch': 0, 'yaw': 0.3725101947784424}}, {'word': 'PI', 'bounding_box': {'topLeftX': 0.9527184367179871, 'topLeftY': 0.9442772269248962, 'width': 0.03558242693543434, 'height': 0.041177086532115936, 'rotation': 0, 'roll': 0, 'pitch': 0, 'yaw': 0}}]
ocr_normalized_boxes: [[0.49574438 0.48684216 0.64190173 0.54094815]
 [0.73013526 0.6820719  0.7803504  0.73396885]
 [0.7484762  0.73075217 0.80953836 0.771841  ]
 [0.6132374  0.80429554 0.65221053 0.83021736]
 [0.07701912 0.9455713  0.14507255 0.97490454]
 [0.95271844 0.9442772  0.98830086 0.9854543 ]]
obj_normalized_boxes: [[0.14206931 0.61707485 0.3849595  0.71207494]
 [0.2584421  0.38595855 0.4613359  0.63418764]
 [0.43326113 0.60685307 1.0115113  0.99875003]
 [0.24891888 0.43993777 0.39624572 0.5728266 ]
 [0.4360242  0.86901784 0.6244742  0.966681  ]
 [0.24545664 0.41639817 1.0115113  0.9683722 ]
 [0.00913918 0.681452   0.10087284 0.73020744]
 [0.30450794 0.07485001 0.8629678  0.8958326 ]
 [0.24909027 0.20637499 1.0115113  0.70448613]
 [0.38358435 0.8489523  0.6064201  0.99875003]
 [0.25569996 0.011197   0.6074302  0.5416254 ]
 [0.29006532 0.08435421 0.6161318  0.3696494 ]
 [0.7787327  0.7894416  0.9017475  0.9703133 ]
 [0.00954488 0.8637626  0.123496   0.97262627]
 [0.3128171  0.17023538 0.4685379  0.31051147]
 [0.33151713 0.5798913  0.6595932  0.7649363 ]
 [0.36504743 0.15546091 0.44635883 0.34522378]
 [0.28512046 0.05469222 0.54553854 0.40743315]
 [0.27330756 0.04216879 0.70262545 0.6252593 ]
 [0.37654877 0.15160947 0.47028905 0.35895613]
 [0.7301351  0.7419174  0.91104925 0.99875003]
 [0.15638971 0.59607714 0.39439043 0.6705336 ]
 [0.25666958 0.47754976 0.3573578  0.55550736]
 [0.26412147 0.06314711 0.4974784  0.43599054]
 [0.01297255 0.94883627 0.14395715 0.9880985 ]
 [0.34037754 0.21853808 0.49926332 0.37440103]
 [0.01607216 0.6944229  0.12971307 0.7364625 ]
 [0.         0.8470817  0.1691988  0.99875003]
 [0.46326303 0.6556541  0.91133535 0.8792143 ]
 [0.7304936  0.6933431  0.8269483  0.7591381 ]
 [0.2178177  0.43671268 0.59207046 0.6521624 ]
 [0.4530133  0.04547062 0.9631561  0.70002323]
 [0.46737832 0.8877044  0.59553534 0.94030493]
 [0.44070446 0.84066325 0.6090894  0.9284822 ]
 [0.00902426 0.9115019  0.16311687 0.97704047]
 [0.47493768 0.9118484  0.60559124 0.9540684 ]
 [0.0632943  0.34262645 0.79843265 0.87707204]
 [0.49671236 0.4917847  0.5218928  0.5347374 ]
 [0.1768869  0.27500024 1.0015533  0.86562324]
 [0.04195582 0.04994311 0.25724256 0.55386394]
 [0.         0.59478086 0.84114176 0.893402  ]
 [0.69142044 0.9021369  0.7173222  0.93878335]
 [0.347046   0.16145246 0.49925235 0.3267591 ]
 [0.13727614 0.5948308  0.60767007 0.76282537]
 [0.00953903 0.8883549  0.16488108 0.98439825]
 [0.         0.7291059  1.0115113  0.99875003]
 [0.18960649 0.03971646 0.80935156 0.6884261 ]
 [0.06711523 0.5028736  0.8803138  0.93015826]
 [0.7221271  0.67728025 0.77945054 0.77355176]
 [0.11986404 0.94123524 0.14063708 0.9746924 ]
 [0.41177163 0.60221297 0.6199632  0.74710554]
 [0.4579849  0.34738746 0.9566615  0.99875003]
 [0.3812378  0.6234963  0.8370813  0.8260873 ]
 [0.         0.         0.630212   0.6896297 ]
 [0.5739853  0.90257466 0.6029714  0.94575185]
 [0.36832884 0.55092835 0.8477289  0.99875003]
 [0.20805767 0.03292168 0.5255796  0.81595165]
 [0.5814802  0.7900005  0.6544261  0.83966863]
 [0.02405928 0.6794378  0.29110348 0.7380389 ]
 [0.507453   0.13250825 1.0021592  0.885242  ]
 [0.01904076 0.92647976 0.15394595 0.98059565]
 [0.71719134 0.66268766 0.8171372  0.7930944 ]
 [0.00683    0.8563475  0.660296   0.9873891 ]
 [0.5682039  0.8943972  0.61110896 0.95412725]
 [0.49042735 0.47935823 0.53034174 0.54806495]
 [0.03639684 0.6887353  0.35447907 0.7390643 ]
 [0.31517133 0.44833767 0.73034394 0.60959274]
 [0.2091742  0.         1.0115113  0.41947708]
 [0.44085103 0.5664432  0.6868999  0.83012205]
 [0.4635571  0.8324756  0.639622   0.93716574]
 [0.28918052 0.06925946 0.41890103 0.11764286]
 [0.40266752 0.8543935  0.61790735 0.96036047]
 [0.23773289 0.02341775 0.6102064  0.28783128]
 [0.58984    0.8035426  0.6517044  0.8299375 ]
 [0.22743328 0.37408587 0.62290514 0.57091653]
 [0.24208733 0.05024147 0.39773327 0.4961884 ]
 [0.83236986 0.65250486 0.9325635  0.809038  ]
 [0.         0.6506053  0.11129529 0.743035  ]
 [0.5042676  0.48626983 0.64275944 0.53240836]
 [0.14211257 0.13305104 0.5955638  0.8590645 ]
 [0.00487731 0.8635628  0.20594181 0.9474262 ]
 [0.02589498 0.6934731  0.09202079 0.71983445]
 [0.16425906 0.5408183  0.3880132  0.78300536]
 [0.26340207 0.00813019 0.43914828 0.4315032 ]
 [0.365925   0.23608351 0.45663348 0.30812827]
 [0.6796229  0.9558721  0.6938548  0.9871057 ]
 [0.29020247 0.10728684 0.5159376  0.641375  ]
 [0.75482863 0.6846181  0.77944934 0.7223729 ]
 [0.3628579  0.37035725 0.58108217 0.4412101 ]
 [0.7244321  0.6638973  0.93707234 0.8133347 ]
 [0.6349576  0.63756007 0.9046696  0.8571203 ]
 [0.5093172  0.         1.0099605  0.6216611 ]
 [0.55638224 0.09993967 0.89757967 0.33486184]
 [0.7201565  0.6749909  0.75598687 0.79796386]
 [0.6023967  0.0557077  0.85916966 0.37734717]
 [0.01170174 0.05869232 0.47971633 0.7713351 ]
 [0.4182512  0.8783776  0.72659236 0.950654  ]
 [0.48219335 0.91613096 0.5043527  0.94839793]
 [0.14473203 0.8872784  0.69637007 0.98431045]
 [0.48497918 0.46785292 0.6505495  0.55936277]]
