key of info feature:  dict_keys(['bbox', 'num_boxes', 'objects', 'cls_prob', 'image_width', 'image_height'])
No bbox:  (100, 4)
No object:  (100,)
No cls_prob:  (100, 1600)
{'bbox': array([[ 158.35    , 1635.5586  ,  342.8115  , 1834.36    ],
       [ 412.1663  , 1573.9337  ,  579.8256  , 1798.643   ],
       [ 958.002   ,  343.33286 , 1134.7654  ,  563.96356 ],
       [ 401.28726 , 1546.3357  ,  677.1327  , 1824.0967  ],
       [2255.4202  , 1586.2651  , 2290.2664  , 1641.8866  ],
       [ 787.9388  , 2098.833   , 2347.3193  , 2824.927   ],
       [  42.444256, 1397.7451  ,  410.32925 , 1872.9297  ],
       [1713.3639  ,  354.12558 , 1839.3506  ,  565.0385  ],
       [1837.7882  , 1837.8801  , 1986.7938  , 1987.0886  ],
       [ 101.91162 , 1619.534   ,  366.79858 , 1899.2056  ],
       [ 705.2787  ,  378.13132 ,  842.9486  ,  552.0577  ],
       [2498.6064  ,  363.2255  , 2644.581   ,  558.394   ],
       [ 135.3525  , 1650.7966  ,  337.02402 , 1865.422   ],
       [1458.0515  , 1313.8643  , 1527.7664  , 1486.602   ],
       [ 205.213   ,  238.7069  , 2831.635   , 1417.0074  ],
       [1514.2015  , 1303.6462  , 1624.7465  , 1501.6844  ],
       [1345.2689  , 1312.9402  , 1463.6212  , 1524.1124  ],
       [1443.0969  ,  322.04257 , 2831.635   , 1798.5887  ],
       [2167.3938  , 1332.4658  , 2303.6558  , 1504.7205  ],
       [1585.9155  ,  826.58563 , 1736.568   , 1019.43243 ],
       [2103.4773  ,  821.8713  , 2242.9744  , 1036.6361  ],
       [2074.8203  , 1305.9634  , 2188.148   , 1509.0873  ],
       [2217.044   ,  396.82343 , 2608.9675  ,  536.07153 ],
       [ 369.33527 ,  334.06982 , 1157.7915  ,  545.175   ],
       [2310.3599  , 1316.5133  , 2384.2703  , 1486.6523  ],
       [1073.1505  , 1326.5322  , 1121.0267  , 1374.3534  ],
       [2233.3303  ,  800.04395 , 2371.3667  , 1040.2218  ],
       [1927.9353  , 1292.2051  , 2091.0833  , 1489.9523  ],
       [ 486.6945  ,  360.70038 , 1166.8943  ,  570.5329  ],
       [ 268.28223 ,  668.1367  ,  790.1553  , 1213.1069  ],
       [2385.018   ,  827.26575 , 2521.1287  , 1015.4341  ],
       [   0.      , 1285.0723  ,  633.0863  , 1982.4717  ],
       [ 570.15405 ,  686.1073  , 2806.6235  , 1820.3296  ],
       [  54.37544 ,  687.8809  ,  824.6458  , 1513.4529  ],
       [1475.5123  ,  373.05222 , 1783.9418  ,  539.2942  ],
       [2201.9841  ,  364.09653 , 2367.8792  ,  554.31323 ],
       [1605.3231  , 1334.0978  , 1737.0591  , 1490.7812  ],
       [  37.19546 , 1276.3066  ,  406.3464  , 1671.4004  ],
       [1748.8727  , 1297.0768  , 1882.6089  , 1520.3916  ],
       [ 556.6764  ,  370.34613 ,  697.03394 ,  553.4698  ],
       [ 912.73865 ,  267.82846 , 2798.7458  , 2289.0386  ],
       [1278.6173  , 2193.7017  , 2667.1523  , 2736.3687  ],
       [   0.      ,  868.46063 ,  581.7368  , 1601.3955  ],
       [ 724.91907 , 2342.2327  , 2167.5908  , 3022.5256  ],
       [1036.216   ,  241.59523 , 2620.8167  , 1761.2462  ],
       [   0.      ,   96.52285 , 2705.6667  , 1076.2244  ],
       [ 984.7041  , 1025.7408  , 2831.635   , 2109.204   ],
       [   0.      , 1876.2615  , 2309.8904  , 3455.3186  ],
       [ 672.9167  ,  824.5537  , 2785.423   , 2074.9917  ],
       [   0.      ,  632.0673  , 1081.0607  , 2112.4563  ],
       [1058.5133  , 1998.9884  , 2678.5386  , 3488.7202  ],
       [1136.0165  , 1324.8842  , 2623.93    , 1571.7681  ],
       [  83.80956 ,  854.2894  ,  443.20978 , 1259.4973  ],
       [1152.7642  , 1279.635   , 1359.3452  , 1512.4353  ],
       [ 459.82083 ,  406.1428  ,  527.229   ,  462.60764 ],
       [   0.      ,  864.7448  ,  632.31464 , 1358.588   ],
       [2331.0242  ,  154.5025  , 2408.5706  ,  277.28506 ],
       [ 292.98785 , 1558.67    ,  595.6504  , 1836.1843  ],
       [2086.785   ,  340.3419  , 2629.439   ,  548.1171  ],
       [ 477.3064  ,  690.7046  , 2756.2395  , 2329.6191  ],
       [   9.038002,  939.1981  ,  377.51468 , 1359.7323  ],
       [   0.      , 1935.0316  , 2477.4978  , 3085.283   ],
       [1302.3413  ,  335.13434 , 1842.1681  ,  553.3963  ],
       [   0.      , 1332.0953  ,  914.92786 , 2082.259   ],
       [   0.      ,  378.8853  ,  452.78012 , 1499.9073  ],
       [ 271.13306 ,   18.337711, 2030.312   , 2134.2705  ],
       [2385.5889  , 1327.8566  , 2516.542   , 1491.1938  ],
       [   0.      ,  237.96446 ,  701.93445 , 1875.3032  ],
       [2209.6125  ,  146.3178  , 2280.0754  ,  278.87228 ],
       [   0.      ,  117.49696 , 2175.496   , 1833.8405  ],
       [ 311.07343 ,  691.7755  ,  872.5475  , 1299.2471  ],
       [2507.709   , 1334.9626  , 2640.475   , 1502.3132  ],
       [ 398.3347  ,  750.96063 ,  775.2534  , 1185.3337  ],
       [2260.9314  , 1843.6323  , 2316.8003  , 1987.7643  ],
       [2092.471   ,  143.01295 , 2219.976   ,  290.54318 ],
       [ 801.0245  ,  164.17757 , 2318.7556  , 1667.5702  ],
       [  29.83686 , 1628.8794  ,  506.3716  , 1892.5527  ],
       [1395.4391  ,  352.69366 , 1846.8231  ,  580.9474  ],
       [  75.71838 ,    0.      , 2673.1287  ,  620.4997  ],
       [1682.763   ,  115.78696 , 2831.635   , 1999.2822  ],
       [   0.      , 1375.8241  ,  266.2577  , 1745.3309  ],
       [  67.90704 ,  111.12096 , 2324.3352  ,  338.07162 ],
       [   0.      ,  593.10077 ,  407.678   , 1314.7158  ],
       [1622.3757  ,  180.61261 , 1698.5334  ,  270.4691  ],
       [1227.6632  ,  797.72614 , 1775.0824  , 1011.1961  ],
       [1273.4147  ,  813.6493  , 1824.7812  , 1040.3452  ],
       [  38.52674 ,  538.76245 ,  752.8692  , 1285.9823  ],
       [1005.1042  , 1261.2487  , 2566.5474  , 1521.4008  ],
       [1099.2471  ,  105.06701 , 2062.2153  , 2185.6445  ],
       [1552.2113  ,  378.19086 , 1714.535   ,  558.2948  ],
       [ 679.0662  ,  361.66443 , 1268.2612  ,  579.4015  ],
       [   0.      , 1005.34875 ,  734.5639  , 2332.0815  ],
       [   0.      ,  150.49615 , 2831.635   ,  774.80396 ],
       [1108.5289  , 1291.828   , 1811.6255  , 1508.3909  ],
       [ 511.58224 ,  385.54257 , 1197.2372  ,  615.09717 ],
       [1314.336   ,  791.39606 , 1949.0316  , 1019.59845 ],
       [2133.5068  ,  410.44614 , 2187.9827  ,  461.58405 ],
       [ 375.5536  , 2285.8518  , 1707.9716  , 2910.11    ],
       [1903.5911  , 1313.8116  , 2632.9136  , 1498.807   ],
       [1477.3685  , 1291.4166  , 1582.7893  , 1511.5128  ]],
      dtype=float32), 'num_boxes': 100, 'objects': array([ 662,  598, 1471,  662, 1471,   72, 1203, 1471, 1114,  662, 1471,
       1471,  662, 1471,  956, 1471, 1471, 1038, 1471, 1471, 1471, 1471,
        923,  899, 1471,  527, 1471, 1471,  923,  662, 1471, 1532, 1038,
        291,  923, 1471, 1471, 1203, 1471, 1471,  956,   72,  291,   72,
       1038, 1038, 1038,  956, 1038,  291,   72, 1179,  291, 1471,  527,
        598, 1471,  598,  923,  128,  598,  956,  923,  598,  291,  956,
       1471,  291, 1471,  248, 1281, 1471,  662, 1471, 1471, 1038,  598,
        923, 1038, 1038, 1203, 1038,  598, 1471,  899,  923,  598, 1179,
        923, 1471, 1471,  598, 1038,  899,  923, 1471,  527,   72,  899,
       1471]), 'cls_prob': array([[9.5641633e-07, 8.0301298e-08, 1.2534210e-07, ..., 8.8624483e-06,
        7.4060254e-06, 2.0904322e-06],
       [2.6635831e-07, 1.0880019e-07, 1.5984907e-07, ..., 9.2761093e-06,
        4.7271219e-06, 7.6385788e-07],
       [6.6693717e-09, 1.5628286e-08, 3.1329268e-09, ..., 6.0352534e-07,
        3.3256111e-07, 3.5653613e-08],
       ...,
       [6.2252163e-08, 9.0500905e-08, 1.8482821e-06, ..., 3.7298381e-08,
        1.3647126e-05, 2.3763530e-08],
       [4.1422641e-06, 3.2394803e-06, 3.0983879e-06, ..., 2.0751297e-05,
        3.1085889e-05, 1.6318639e-06],
       [9.1866559e-09, 2.9503125e-08, 7.7491125e-09, ..., 2.7871064e-07,
        2.1159555e-07, 1.9373029e-08]], dtype=float32), 'image_width': 2792, 'image_height': 2084}
